Enter matrix size (power of 2): 8
Enter elements for 1st matrix:
3 5 6 1 9 8 7 6
7 7 8 8 9 9 1 1
1 1 2 2 3 3 4 4
1 2 4 3 6 5 7 8
4 4 4 4 7 7 7 7
9 9 9 9 9 9 9 9
8 8 8 8 8 8 8 8
1 1 1 1 1 1 1 1
Enter elements for 2nd matrix:
1 1 1 1 1 1 1 1 
2 2 2 2 2 2 2 2 
3 3 3 3 3 3 3 3
4 4 4 4 4 4 4 4
5 5 5 5 5 5 5 5
6 6 6 6 6 6 6 6
7 7 7 7 7 7 7 7
8 8 8 8 8 8 8 8
Resultant Matrix:
225	225	225	225	225	225	225	225	
191	191	191	191	191	191	191	191	
110	110	110	110	110	110	110	110	
202	202	202	202	202	202	202	202	
222	222	222	222	222	222	222	222	
324	324	324	324	324	324	324	324	
288	288	288	288	288	288	288	288	
36	36	36	36	36	36	36	36	
CPU TIME: 0.000287 seconds




3 5 6 1 9 8 7 6 7 7 8 8 9 9 1 1 1 1 2 2 3 3 4 4 1 2 4 3 6 5 7 8 4 4 4 4 7 7 7 7 9 9 9 9 9 9 9 9 8 8 8 8 8 8 8 8 1 1 1 1 1 1 1 1


1 1 1 1 1 1 1 1 2 2 2 2 2 2 2 2 3 3 3 3 3 3 3 3 4 4 4 4 4 4 4 4 5 5 5 5 5 5 5 5 6 6 6 6 6 6 6 6 7 7 7 7 7 7 7 7 8 8 8 8 8 8 8 8
